92
NULL 0 Common 0
Joined 7 0,255,0,255,0,0,0,0,0,0 Latin 1 0 1 Joined	# Joined [4a 6f 69 6e 65 64 ]a
|Broken|0|1 15 0,255,0,255,0,0,0,0,0,0 Common 2 10 2 |Broken|0|1	# Broken
ل 1 0,255,0,255,0,0,0,0,0,0 Arabic 3 13 3 ل	# ل [644 ]x
و 1 0,255,0,255,0,0,0,0,0,0 Arabic 4 13 4 و	# و [648 ]x
ذ 1 0,255,0,255,0,0,0,0,0,0 Arabic 5 13 5 ذ	# ذ [630 ]x
ک 1 0,255,0,255,0,0,0,0,0,0 Arabic 6 13 6 ک	# ک [6a9 ]x
ف 1 0,255,0,255,0,0,0,0,0,0 Arabic 7 13 7 ف	# ف [641 ]x
ی 1 0,255,0,255,0,0,0,0,0,0 Arabic 8 13 8 ی	# ی [6cc ]x
م 1 0,255,0,255,0,0,0,0,0,0 Arabic 9 13 9 م	# م [645 ]x
ح 1 0,255,0,255,0,0,0,0,0,0 Arabic 10 13 10 ح	# ح [62d ]x
ا 1 0,255,0,255,0,0,0,0,0,0 Arabic 11 13 11 ا	# ا [627 ]x
ە 1 0,255,0,255,0,0,0,0,0,0 Arabic 12 13 12 ە	# ە [6d5 ]x
ن 1 0,255,0,255,0,0,0,0,0,0 Arabic 13 13 13 ن	# ن [646 ]x
ت 1 0,255,0,255,0,0,0,0,0,0 Arabic 14 13 14 ت	# ت [62a ]x
ق 1 0,255,0,255,0,0,0,0,0,0 Arabic 15 13 15 ق	# ق [642 ]x
د 1 0,255,0,255,0,0,0,0,0,0 Arabic 16 13 16 د	# د [62f ]x
ه 1 0,255,0,255,0,0,0,0,0,0 Arabic 17 13 17 ه	# ه [647 ]x
ئ 1 0,255,0,255,0,0,0,0,0,0 Arabic 18 13 18 ئ	# ئ [626 ]x
ج 1 0,255,0,255,0,0,0,0,0,0 Arabic 19 13 19 ج	# ج [62c ]x
ب 1 0,255,0,255,0,0,0,0,0,0 Arabic 20 13 20 ب	# ب [628 ]x
ر 1 0,255,0,255,0,0,0,0,0,0 Arabic 21 13 21 ر	# ر [631 ]x
س 1 0,255,0,255,0,0,0,0,0,0 Arabic 22 13 22 س	# س [633 ]x
ز 1 0,255,0,255,0,0,0,0,0,0 Arabic 23 13 23 ز	# ز [632 ]x
گ 1 0,255,0,255,0,0,0,0,0,0 Arabic 24 13 24 گ	# گ [6af ]x
ڕ 1 0,255,0,255,0,0,0,0,0,0 Arabic 25 13 25 ڕ	# ڕ [695 ]x
ۆ 1 0,255,0,255,0,0,0,0,0,0 Arabic 26 13 26 ۆ	# ۆ [6c6 ]x
ش 1 0,255,0,255,0,0,0,0,0,0 Arabic 27 13 27 ش	# ش [634 ]x
‌ 0 0,255,0,255,0,0,0,0,0,0 Inherited 28 18 28 ‌	# ‌ [200c ]
ێ 1 0,255,0,255,0,0,0,0,0,0 Arabic 29 13 29 ێ	# ێ [6ce ]x
ژ 1 0,255,0,255,0,0,0,0,0,0 Arabic 30 13 30 ژ	# ژ [698 ]x
ڵ 1 0,255,0,255,0,0,0,0,0,0 Arabic 31 13 31 ڵ	# ڵ [6b5 ]x
خ 1 0,255,0,255,0,0,0,0,0,0 Arabic 32 13 32 خ	# خ [62e ]x
چ 1 0,255,0,255,0,0,0,0,0,0 Arabic 33 13 33 چ	# چ [686 ]x
ڤ 1 0,255,0,255,0,0,0,0,0,0 Arabic 34 13 34 ڤ	# ڤ [6a4 ]x
ھ 1 0,255,0,255,0,0,0,0,0,0 Arabic 35 13 35 ھ	# ھ [6be ]x
ع 1 0,255,0,255,0,0,0,0,0,0 Arabic 36 13 36 ع	# ع [639 ]x
پ 1 0,255,0,255,0,0,0,0,0,0 Arabic 37 13 37 پ	# پ [67e ]x
، 16 0,255,0,255,0,0,0,0,0,0 Common 38 6 38 ،	# ، [60c ]p
٦ 8 0,255,0,255,0,0,0,0,0,0 Arabic 39 5 39 ٦	# ٦ [666 ]0
٥ 8 0,255,0,255,0,0,0,0,0,0 Arabic 40 5 40 ٥	# ٥ [665 ]0
٧ 8 0,255,0,255,0,0,0,0,0,0 Arabic 41 5 41 ٧	# ٧ [667 ]0
؟ 16 0,255,0,255,0,0,0,0,0,0 Common 42 13 42 ؟	# ؟ [61f ]p
٨ 8 0,255,0,255,0,0,0,0,0,0 Arabic 43 5 43 ٨	# ٨ [668 ]0
٠ 8 0,255,0,255,0,0,0,0,0,0 Arabic 44 5 44 ٠	# ٠ [660 ]0
ص 1 0,255,0,255,0,0,0,0,0,0 Arabic 45 13 45 ص	# ص [635 ]x
آ 1 0,255,0,255,0,0,0,0,0,0 Arabic 46 13 46 آ	# آ [622 ]x
١ 8 0,255,0,255,0,0,0,0,0,0 Arabic 47 5 47 ١	# ١ [661 ]0
ء 1 0,255,0,255,0,0,0,0,0,0 Arabic 48 13 48 ء	# ء [621 ]x
٢ 8 0,255,0,255,0,0,0,0,0,0 Arabic 49 5 49 ٢	# ٢ [662 ]0
. 16 0,255,0,255,0,0,0,0,0,0 Common 50 6 50 .	# . [2e ]p
/ 16 0,255,0,255,0,0,0,0,0,0 Common 51 6 51 /	# / [2f ]p
؛ 16 0,255,0,255,0,0,0,0,0,0 Common 52 13 52 ؛	# ؛ [61b ]p
: 16 0,255,0,255,0,0,0,0,0,0 Common 53 6 53 :	# : [3a ]p
[ 16 0,255,0,255,0,0,0,0,0,0 Common 54 10 74 [	# [ [5b ]p
1 8 0,255,0,255,0,0,0,0,0,0 Common 55 2 55 1	# 1 [31 ]0
7 8 0,255,0,255,0,0,0,0,0,0 Common 56 2 56 7	# 7 [37 ]0
" 16 0,255,0,255,0,0,0,0,0,0 Common 57 10 57 "	# " [22 ]p
غ 1 0,255,0,255,0,0,0,0,0,0 Arabic 58 13 58 غ	# غ [63a ]x
( 16 0,255,0,255,0,0,0,0,0,0 Common 59 10 60 (	# ( [28 ]p
) 16 0,255,0,255,0,0,0,0,0,0 Common 60 10 59 )	# ) [29 ]p
٩ 8 0,255,0,255,0,0,0,0,0,0 Arabic 61 5 61 ٩	# ٩ [669 ]0
‮ 0 0,255,0,255,0,0,0,0,0,0 Common 62 15 62 ‮	# ‮ [202e ]
٤ 8 0,255,0,255,0,0,0,0,0,0 Arabic 63 5 63 ٤	# ٤ [664 ]0
٣ 8 0,255,0,255,0,0,0,0,0,0 Arabic 64 5 64 ٣	# ٣ [663 ]0
¡ 16 0,255,0,255,0,0,0,0,0,0 Common 65 10 65 ¡	# ¡ [a1 ]p
4 8 0,255,0,255,0,0,0,0,0,0 Common 66 2 66 4	# 4 [34 ]0
3 8 0,255,0,255,0,0,0,0,0,0 Common 67 2 67 3	# 3 [33 ]0
2 8 0,255,0,255,0,0,0,0,0,0 Common 68 2 68 2	# 2 [32 ]0
0 8 0,255,0,255,0,0,0,0,0,0 Common 69 2 69 0	# 0 [30 ]0
6 8 0,255,0,255,0,0,0,0,0,0 Common 70 2 70 6	# 6 [36 ]0
- 16 0,255,0,255,0,0,0,0,0,0 Common 71 3 71 -	# - [2d ]p
9 8 0,255,0,255,0,0,0,0,0,0 Common 72 2 72 9	# 9 [39 ]0
ك 1 0,255,0,255,0,0,0,0,0,0 Arabic 73 13 73 ك	# ك [643 ]x
] 16 0,255,0,255,0,0,0,0,0,0 Common 74 10 54 ]	# ] [5d ]p
ط 1 0,255,0,255,0,0,0,0,0,0 Arabic 75 13 75 ط	# ط [637 ]x
۔ 16 0,255,0,255,0,0,0,0,0,0 Arabic 76 13 76 ۔	# ۔ [6d4 ]p
ض 1 0,255,0,255,0,0,0,0,0,0 Arabic 77 13 77 ض	# ض [636 ]x
ظ 1 0,255,0,255,0,0,0,0,0,0 Arabic 78 13 78 ظ	# ظ [638 ]x
5 8 0,255,0,255,0,0,0,0,0,0 Common 79 2 79 5	# 5 [35 ]0
8 8 0,255,0,255,0,0,0,0,0,0 Common 80 2 80 8	# 8 [38 ]0
_ 16 0,255,0,255,0,0,0,0,0,0 Common 81 10 81 _	# _ [5f ]p
» 16 0,255,0,255,0,0,0,0,0,0 Common 82 10 90 »	# » [bb ]p
ي 1 0,255,0,255,0,0,0,0,0,0 Arabic 83 13 83 ي	# ي [64a ]x
ث 1 0,255,0,255,0,0,0,0,0,0 Arabic 84 13 84 ث	# ث [62b ]x
; 16 0,255,0,255,0,0,0,0,0,0 Common 85 10 85 ;	# ; [3b ]p
ة 1 0,255,0,255,0,0,0,0,0,0 Arabic 86 13 86 ة	# ة [629 ]x
أ 1 0,255,0,255,0,0,0,0,0,0 Arabic 87 13 87 أ	# أ [623 ]x
إ 1 0,255,0,255,0,0,0,0,0,0 Arabic 88 13 88 إ	# إ [625 ]x
ى 1 0,255,0,255,0,0,0,0,0,0 Arabic 89 13 89 ى	# ى [649 ]x
« 16 0,255,0,255,0,0,0,0,0,0 Common 90 10 82 «	# « [ab ]p
ؤ 1 0,255,0,255,0,0,0,0,0,0 Arabic 91 13 91 ؤ	# ؤ [624 ]x
